-351439.99110414705
-299408.89047254843
-297606.74953146995
-296250.19710537395
-294851.1121853245
-293602.9502589627
-292537.90411717666
-291663.7501932954
-290891.4696258511
-290180.6492799822
-289588.64659767994
-289105.495519667
-288697.9943510607
-288342.4273655876
-288028.8464971518
-287748.3514495401
-287493.12978974305
-287263.67825847794
-287057.1590102173
-286870.7311449828
-286699.00640739093
-286529.9867228108
-286357.722381088
-286185.4505562283
-286013.30997517984
-285865.1971906536
-285745.4899820808
-285640.2961152243
-285542.93666229874
-285448.8128152932
-285361.17757698573
